250
312
186
409
143
288
201
178
332
194
210
288
176
313
257
197
288
224
193
212
250
195
267
223
204
256
271
198
223
268
210
288
176
313
257
197
288
224
193
212
250
195
267
223
204
256
271
198
223
268
210
288
176
313
257
197
288
224
193
212
250
195
267
223
204
256
271
198
223
268
210
288
176
313
257
197
288
224
193
212
250
195
267
223
204
256
271
198
223
268
263
215
289
176
336
197
221
278
185
257
213
238
241
229
218
226
193
247
202
211
254
288
245
296
209
232
191
226
198
246
216
267
285
202
226
213
239
242
227
219
223
195
248
203
212
253
287
286
203
213
238
194
248
205
214
252
288
283
207
211
213
239
242
227
219
223
195
248
203
212
253
287
286
203
213
238
194
248
205
214
252
288
283
207
211
213
239
242
227
219
223
195
248
203
212
253
287
286
203
213
238
194
248
205
214
252
288
283
207
211
225
239
242
226
218
221
197
239
206
215
263
295
210
223
248
267
294
203
206
220
225